1
1 210e+09 320e+06
3
1 500 100
2 500 100
3 500 100
3
4 180 30 400 20 180 30
5 220 35 450 25 220 35
6 250 40 500 30 250 40
12
0 0 1
0 12 0
0 24 0
0 36 0
18 36 0
18 24 0
18 12 0
18 0 0
38 0 1
38 12 0
38 24 0
38 36 0
15
1 2 1 1
2 3 1 2
3 4 1 3
4 5 1 4
3 6 1 5
2 7 1 6
7 8 1 1
6 7 1 2
5 6 1 3
5 12 1 4
6 11 1 5
7 10 1 6
9 10 1 1
10 11 1 2
11 12 1 3
7
1 1 80e+03 106.667e+03 0 0
2 1 106.667e+03 133.333e+03 0 0
3 1 133.333e+03 160e+03 0 0
5 2 0 0 300e+03 10.8
6 2 0 0 500e+03 10.8
11 2 0 0 300e+03 8
12 2 0 0 400e+03 10
